	ya1_na1	ya1_nd1	ya1_n0	yd1_na1	yd1_nd1	yd1_n0	y0_na1	y0_nd1	y0_n0
0	0.0	0.0	0.0	0.0	0.0	0.0	0.0	0.0	-0.005
1	0.0	0.0	5.797645833333332	-9999.0	0.0	0.0	0.0	0.0	-0.005
10	0.0	0.0	0.0	0.0	0.0	0.0	0.0	0.0	-0.005
2	0.0	0.0	0.0	0.0	0.0	0.0	0.0	0.4636931547619052	-0.005
20	2.7083333333333344	0.0	0.0	0.0	0.0	0.0	0.0	0.0	-0.005
11	0.0	0.0	0.0	-2.3214285714285707	0.0	-1.1011875	0.14455782312925294	0.0	-0.005
3	0.0	0.0	2.8316326530612246	0.0	0.0	0.0	0.0	0.0	-0.005
30	0.0	0.0	0.0	0.0	0.0	0.0	0.0	0.0	-0.005
12	0.0	2.5418954081632643	0.0	-1.8112244897959187	0.0	0.0	0.0	0.0	-0.005
21	0.0	0.0	1.2874999999999994	0.0	0.0	0.0	0.0	-2.291666666666668	-0.005
4	0.0	0.0	0.0	0.0	0.0	0.0	0.0	0.0	-0.005
40	0.0	0.0	0.0	0.0	0.0	0.0	0.0	0.0	-0.005
13	0.0	0.0	0.0	0.0	0.0	0.0	0.0	-0.7482993197278902	-0.005
31	0.0	0.0	0.0	-1.3767006802721082	0.0	0.0	-9999.0	0.0	-0.005
22	-9999.0	0.0	-9999.0	0.0	0.0	-1.5201530612244896	-9999.0	-0.8333333333333336	-0.005
